dx: 0.1
dy: 0.0 
dz: 0.1
roll: 0.0
pitch: 1.8325957145940461 #105 degrees
yaw: -1.5707963267948966 #-pi/2