camera_matrix:
- [951.8140801178769, 0.0, 658.013363547573]
- [0.0, 955.5288462353371, 327.61873301810874]
- [0.0, 0.0, 1.0]
dist_coeff:
- [-0.3333184621959375, 0.028507487966969468, 0.004950573498756156, -0.0017319225821091323,
  0.05489887416728552]
