camera_matrix:
- [933.8130755393203, 0.0, 654.4280064591578]
- [0.0, 930.4339376751515, 328.3188839889025]
- [0.0, 0.0, 1.0]
dist_coeff:
- [-0.41030711839269185, 0.20857099060284925, 0.00017158527550517732, 0.0011379594501414814,
  -0.06463897899300942]
