camera_matrix:
- [771.7393767859768, 0.0, 411.42561251643895]
- [0.0, 777.2751811118343, 274.57932512465055]
- [0.0, 0.0, 1.0]
dist_coeff:
- [-0.42661130675225273, 0.27057265771478345, -0.00022386231067861098, 0.0013879303515240483,
  -0.1255863618948363]
