camera_matrix:
- [780.5819586346848, 0.0, 397.04953244505856]
- [0.0, 780.6318467672919, 291.8841253576735]
- [0.0, 0.0, 1.0]
dist_coeff:
- [-0.3883658554891261, 0.16571552204479517, -0.0006661309293755117, -0.0001768007712568889,
  -0.02287532084041944]
