camera_matrix:
- [970.9045854425053, 0.0, 664.8504576985349]
- [0.0, 969.7047962537183, 381.41517873768464]
- [0.0, 0.0, 1.0]
dist_coeff:
- [-0.026952050205924446, 0.08982683333258054, -0.0014065560069532498, -0.0007226911046927943,
  -0.09142842454711511]
