dx: 0.082
dy: 0.0 
dz: 0.92
roll: 0.0
pitch: 1.8325957145940461 #105 degrees
yaw: -1.5707963267948966
