camera_matrix:
- [927.3718173404133, 0.0, 663.5694511358158]
- [0.0, 926.0396399983533, 299.46327626695404]
- [0.0, 0.0, 1.0]
dist_coeff:
- [-0.39399439828050764, 0.18562876908021145, 0.0025161828273599866, 0.0013099707330732407,
  -0.05098479743324289]
