camera_matrix:
- [939.2219996775875, 0.0, 633.705779594521]
- [0.0, 943.8057769603881, 342.44772447589605]
- [0.0, 0.0, 1.0]
dist_coeff:
- [-0.3655531146822471, 0.1393193591700936, -1.5972844087785974e-05, -0.0003600529571785744,
  -0.0292484863779733]
