camera_matrix:
- - 971.7615593926733
  - 0.0
  - 346.5321502217566
- - 0.0
  - 971.7615593926733
  - 145.62063103834174
- - 0.0
  - 0.0
  - 1.0
dist_coeff:
- - -28.858217243736625
  - 248.5620250568418
  - -0.02883681770034799
  - 0.0038052373249459373
  - 2.352631475826559
  - -28.970807405380945
  - 251.92901329728875
  - -26.54809477120311
  - 0.0
  - 0.0
  - 0.0
  - 0.0
  - 0.0
  - 0.0
