camera_matrix:
- [628.6760404413145, 0.0, 315.2950093740528]
- [0.0, 628.6760404413145, 217.19929607136405]
- [0.0, 0.0, 1.0]
dist_coeff:
- [-47.88400923532018, 753.9717741644977, -0.0009270232553764054, -0.0003119668435261154,
  78.6815403170174, -47.53536582184503, 735.9552635095121, 367.1378735334578, 0.0,
  0.0, 0.0, 0.0, 0.0, 0.0]
